image: toan_rtabmap.yaml.pgm
resolution: 0.050000
origin: [-5.069524, -4.211244, 0.000000]
negate: 0
occupied_thresh: 0.65
free_thresh: 0.196

